%YAML:1.0
K1: !!opencv-matrix
   rows: 3
   cols: 3
   dt: d
   data: [ 239.915278, 0.000000, 239.84635875,
         0.000000, 239.9233695, 134.88334,
         0.000000, 0.000000, 1.000000 ]
K2: !!opencv-matrix
   rows: 3
   cols: 3
   dt: d
   data: [ 239.915278, 0.000000, 239.84635875,
         0.000000, 239.9233695, 134.88334,
         0.000000, 0.000000, 1.000000 ]
D1: !!opencv-matrix
   rows: 1
   cols: 5
   dt: d
   data: [ -0.000591, 0.000519, 0.000001, -0.000030, 0.0 ]
D2: !!opencv-matrix
   rows: 1
   cols: 5
   dt: d
   data: [ -0.000591, 0.000519, 0.000001, -0.000030, 0.0 ]
R: !!opencv-matrix
   rows: 3
   cols: 3
   dt: d
   data: [ 9.993513e-01, 1.860866e-02, -3.083487e-02,
          -1.887662e-02, 9.997863e-01, -8.421873e-03,
           3.067156e-02, 8.998467e-03, 9.994890e-01 ]
T: [ -5.370000e-01, 4.822061e-03, -1.252488e-02 ]
XR: !!opencv-matrix
   rows: 3
   cols: 3
   dt: d
   data: [ 1.00080,   0.00000,   0.00000,
           0.00000,   1.00000,   0.00000,
           0.00000,   0.00000,   1.00000 ]
XT: !!opencv-matrix
   rows: 3
   cols: 1
   dt: d
   data: [ 0.0,
           -0.5,
           0.0 ]
